72.0 148.0
67.24245429388743 148.64617295153693
59.975253788286025 147.3582146008367
55.53107640955298 143.7248546884186
53.27513224798015 133.98431645910875
52.84142211139942 128.50743205548582
70.75291569117044 118.04165576570298
81.1687289205642 114.77883737197317
87.54000648753644 111.20070811311378
93.25438297032466 105.05278124969598
97.90398789029014 101.83796612785848
105.27414492916763 99.82076888384417
113.0366246517981 98.97662481644294
119.42354610605182 99.52823387204528
124.98752705085207 100.83508720595576
136.24830798774343 100.4783972418272
146.43529808941304 100.80565996441243
160.10107951573022 100.85566893913759
175.33942602001866 103.5568379015939
188.20500346479292 111.33926047487991
198.50576223363336 118.17771796242799
210.95715370689743 120.98422004823911
219.06132267017207 125.19657632585523
227.25297029903902 129.68954124887298
237.23456854672665 133.73874765506588
243.26555802855938 137.41447563647716
246.81869607722302 140.25348656283703
255.8268993428112 143.45438826342237
266.0160352654971 147.30419880495785
276.22762240284214 148.73121639537976
285.33529536827496 149.77402254274352
292.0642838976822 150.4937607004178
297.456027131313 153.3472125932239
303.4987968200053 155.26791055571113
308.82521603802746 156.1425936167373
313.90170597890466 155.79224722461674
315.9805070925991 155.14493929618806
318.03144554980156 154.70450221982216
321.5559591949514 155.270306722966
324.4462757358277 156.2220771336199
327.97429557262365 154.6337705365907
330.0371674835489 153.9506478654232
332.1532353360074 153.19679577752515
337.34540890930055 149.86670012511127
343.03104796165707 149.2031017763086
347.3324777177625 148.829484827657
350.68030594002204 146.7836087464808
355.0 143.0
